NOAA 2 (ITOS-D)
1  6235U 72082A   26277.31708602 -.00000043  00000-0  22830-4 0  9993
2  6235 102.0056 297.0744 0003931 326.5378  45.0668 12.53218195468627
SOLRAD-7B
1  1291U 65016D   26277.53212968 -.00000001  00000-0  38092-4 0  9999
2  1291  70.0819   3.7935 0022392 331.0615  28.9247 13.94985981131952
OSCAR-7 (AO-7)
1  7530U 74089B   26277.29515809 -.00000045  00000-0  88801-5 0  9996
2  7530 101.9911 291.6802 0011945 283.5675  87.8873 12.53699840374195
UOSAT-2 (UO-11)
1 14781U 84021B   26277.41662286  .00000700  00000-0  76432-4 0  9998
2 14781  97.8211 241.8709 0007594 171.2178 188.9174 14.91029526273407
FLTSATCOM-7 (USA-20)
1 17181U 86096A   26276.72945903 -.00000126  00000-0  00000-0 0  9999
2 17181  12.6164 339.4005 0041492 329.7825  70.8051  0.98927053153047
FLTSATCOM-8 (USA-46)
1 20253U 89077A   26277.54261280 -.00000377  00000-0  00000+0 0  9992
2 20253  12.3935 350.4921 0003425 238.4901 105.0595  1.00263011261651
OSCAR 16 (PACSAT)
1 20439U 90005D   26277.36513873  .00000028  00000-0  26715-4 0  9997
2 20439  98.8424 315.5551 0009497 271.2280 100.5391 14.33962128917589
LUSAT (LO-19)
1 20442U 90005G   26277.29911253  .00000040  00000-0  31098-4 0  9991
2 20442  98.8802 302.0876 0010597 243.6845 116.3251 14.34147434918034
UFO 2 (USA 95)
1 22787U 93056A   26275.84686353  .00000120  00000-0  00000-0 0  9997
2 22787  11.9335   2.9445 0002599 215.2248 126.9784  1.00270897119623
EYESAT-1 (AO-27)
1 22825U 93061C   26277.42979112  .00000030  00000-0  28458-4 0  9991
2 22825  98.6769 344.7411 0009194 134.9661 225.2269 14.30964632722628
ITAMSAT (IO-26)
1 22826U 93061D   26277.44646065  .00000031  00000-0  28612-4 0  9995
2 22826  98.6716 344.6867 0009927 119.7255 240.4917 14.31393823722942
UFO 3 (USA 104)
1 23132U 94035A   26272.97006156 -.00000102  00000-0  00000-0 0  9999
2 23132  12.4157   5.0554 0004834 243.6346  98.7679  1.00271491132747
RADIO ROSTO (RS-15)
1 23439U 94085A   26277.29220988 -.00000045  00000-0 -65872-4 0  9994
2 23439  64.8136 126.7616 0159640 344.3616  15.2409 11.27584102308207
UFO 4 (USA 108)
1 23467U 95003A   26277.53993697 -.00000032  00000-0  00000+0 0  9999
2 23467   9.7151  12.7143 0003002 181.2592 185.9274  1.00272587116059
UFO 7 (USA 127)
1 23967U 96042A   26277.23204391 -.00000262  00000-0  00000-0 0  9997
2 23967  11.2231  16.4636 0005927 139.6838 224.5329  1.00173176110584
JAS-2 (FO-29)
1 24278U 96046B   26277.28926892 -.00000019  00000-0  15320-4 0  9994
2 24278  98.5148 111.1983 0349952 173.1316 187.4805 13.53278595487929
UFO 8 (USA 138)
1 25258U 98016A   26277.56577669 -.00000239  00000-0  00000+0 0  9995
2 25258  11.2653  22.0632 0006043 233.0174 110.7166  1.00249654104952
TECHSAT-1B (GO-32)
1 25397U 98043D   26277.50226786  .00000031  00000-0  33400-4 0  9998
2 25397  99.0169 273.0697 0000261 241.5682 118.5470 14.24445455466890
ISS (ZARYA)
1 25544U 98067A   26277.53034529  .00003768  00000-0  77215-4 0  9995
2 25544  51.6316 118.9662 0006881 221.7555 138.2909 15.48731752588700
UFO 10 (USA 146)
1 25967U 99063A   26277.10064497 -.00000196  00000-0  00000+0 0  9997
2 25967   9.9463  26.6193 0004746 204.3572 155.2456  1.00273111 98431
PCSAT (NO-44)
1 26931U 01043C   26277.53588368  .00000048  00000-0  48936-4 0  9995
2 26931  67.0513 321.4394 0005987 274.3190  85.7227 14.31988848306101
PROBA-1
1 26958U 01049B   26277.51073788  .00001730  00000-0  11352-3 0  9993
2 26958  97.9624 289.9047 0055789 112.4140 248.3010 15.07853210360093
SAUDISAT-1C (SO-50)
1 27607U 02058C   26277.38821975  .00000390  00000-0  64094-4 0  9993
2 27607  64.5518 151.0689 0070808 242.3330 117.0578 14.83239217280653
CUTE-1 (CO-55)
1 27844U 03031E   26276.98956023  .00000152  00000-0  84464-4 0  9995
2 27844  98.6771 284.2009 0008694 225.1028 134.9446 14.24389312207161
CUBESAT XI-IV (CO-57)
1 27848U 03031J   26276.82206664  .00000128  00000-0  75422-4 0  9998
2 27848  98.6804 283.6606 0008397 246.7682 113.2613 14.23666825206838
MOZHAYETS-4 (RS-22)
1 27939U 03042A   26277.54174561 -.00000029  00000-0  39451-5 0  9995
2 27939  98.3477 105.0276 0010018 284.2289 160.0610 14.73620416231651
UFO 11 (USA 174)
1 28117U 03057A   26277.54210051 -.00000112  00000-0  00000+0 0  9990
2 28117   9.0588  33.2381 0003996 170.6264  79.9063  1.00271382 83542
CUBESAT XI-V (CO-58)
1 28895U 05043F   26277.17550057  .00000769  00000-0  12834-3 0  9991
2 28895  98.3125  75.2004 0013294 215.9642 144.0671 14.72860599117797
CAPE-1
1 31130U 07012P   26277.17698334  .00000685  00000-0  13087-3 0  9994
2 31130  98.4605 254.6850 0084443  90.8665 270.2214 14.65084623 34317
CUTE-1.7+APD II (CO-65)
1 32785U 08021C   26277.46365234  .00002941  00000-0  18356-3 0  9995
2 32785  97.8406 261.3014 0009385  27.5886 332.5839 15.10298924  1699
SEEDS-II (CO-66)
1 32791U 08021J   26277.49368196  .00016716  00000-0  47690-3 0  9993
2 32791  97.7577 280.9371 0000439 349.6307  10.4927 15.36128578  4041
YUBILEINY (RS-30)
1 32953U 08025A   26277.46815777  .00000051  00000-0  29265-3 0  9999
2 32953  82.4994 287.4667 0020672  74.4434 285.8926 12.43183444833270
KKS-1 (KISEKI)
1 33499U 09002H   26277.47566564  .00000741  00000-0  97188-4 0  9995
2 33499  98.1178 201.6484 0006644 302.7182  57.3390 14.83349783952397
EWS-G3 (GOES-14)
1 35491U 09033A   26277.47515302 -.00000002  00000-0  00000+0 0  9990
2 35491   1.9659  81.4764 0002264 117.2479  54.4158  1.00070223  7682
SWISSCUBE
1 35932U 09051B   26277.49298527  .00000549  00000-0  11761-3 0  9994
2 35932  98.3942 187.2367 0005618 226.9869 133.0861 14.62649601905134
BEESAT
1 35933U 09051C   26277.28658497  .00000447  00000-0  99281-4 0  9999
2 35933  98.3867 186.4298 0003984 244.3434 115.7356 14.61861236905125
ITUPSAT-1
1 35935U 09051E   26275.72924208  .00000405  00000-0  93474-4 0  9996
2 35935  98.3947 183.9243 0006172 266.2960  93.7534 14.60569853904432
PROBA-2
1 36037U 09059B   26277.45460418  .00000094  00000-0  32394-4 0  9996
2 36037  98.2477  99.3296 0012260 306.7608  53.2463 14.54899229897412
XIWANG-1 (HOPE-1)
1 36122U 09072B   26277.53045844  .00000226  00000-0  70827-3 0  9996
2 36122 100.4164 229.6661 0007511 349.7605  10.3354 13.16443053807395
EWS-G2 (GOES-15)
1 36411U 10008A   26277.47608935  .00000008  00000-0  00000+0 0  9997
2 36411   1.5729  81.7396 0004789  93.9252  72.2316  1.00272481 60735
TISAT-1
1 36799U 10035E   26276.68422747  .00017252  00000-0  50030-3 0  9994
2 36799  98.0807 233.2533 0002002 143.7191 216.4186 15.35615225884338
HORYU-2
1 38340U 12025D   26277.13322893  .00002032  00000-0  20851-3 0  9999
2 38340  98.2329  54.6682 0008004 177.4955 182.6304 14.91600443764962
AAUSAT-3
1 39087U 13009B   26277.27190939  .00000354  00000-0  12602-3 0  9990
2 39087  98.3728  98.6245 0010328 242.1574 117.8569 14.40046103712874
STRAND-1
1 39090U 13009E   26277.42967770  .00000147  00000-0  63747-4 0  9993
2 39090  98.3970  95.0247 0007477 263.9935  96.0400 14.37214355712754
CUBEBUG-1 (CAPITAN BETO)
1 39153U 13018D   26277.41134992  .00002554  00000-0  22247-3 0  9997
2 39153  98.1789  82.3519 0012549 140.8560 219.3571 14.97833485727419
PROBA-V
1 39159U 13021A   26277.41111694  .00000042  00000-0  36456-4 0  9999
2 39159  98.3741 250.7004 0004406 157.9043 202.2328 14.23615833696659
ZACUBE-1 (TSHEPISOSAT)
1 39417U 13066B   26277.43051584  .00002415  00000-0  18677-3 0  9998
2 39417  97.8192 240.3751 0037544 244.7236 115.0096 15.01934397697124
TRITON-1
1 39427U 13066M   26277.54634468  .00000407  00000-0  54811-4 0  9999
2 39427  97.8140 184.8254 0087793 237.3142 121.9582 14.82098874690288
DELFI-N3XT
1 39428U 13066N   26277.49361450  .00002846  00000-0  24489-3 0  9998
2 39428  97.8304 197.7676 0071719 201.6184 158.2006 14.96244143690969
GOMX-1
1 39430U 13066Q   26277.46547803  .00000759  00000-0  11933-3 0  9997
2 39430  97.6423 111.0392 0129434  86.2214 275.3782 14.69741261685964
VELOX-PII
1 39438U 13066Y   26277.11840737  .00001722  00000-0  16472-3 0  9993
2 39438  97.8870 228.7062 0051983 343.5344  16.4184 14.93593847694092
CUBEBUG-2 (LO-74)
1 39440U 13066AA  26277.29395875  .00002608  00000-0  24011-3 0  9995
2 39440  97.9022 226.8399 0057779  27.0183 333.4024 14.94376336693289
FUNCUBE-1 (AO-73)
1 39444U 13066AE  26277.45158464  .00003675  00000-0  22251-3 0  9997
2 39444  97.8419 251.3660 0034837 188.4566 171.6081 15.10775287696154
UWE-3
1 39446U 13066AG  26276.67455964  .00002610  00000-0  22326-3 0  9998
2 39446  97.8823 233.5958 0047549 318.8381  40.9257 14.97666313693811
UNISAT-6
1 40012U 14033C   26277.37269002  .00001462  00000-0  15955-3 0  9992
2 40012  97.8027  68.2997 0045788  69.1090 291.5020 14.88699217662402
SMAP
1 40376U 15003A   26277.48171492  .00000209  00000-0  49569-4 0  9997
2 40376  98.1317 283.0495 0001437  88.4790 271.6577 14.63381416623602
LILACSAT-2
1 40908U 15049K   26277.47456725  .00014393  00000-0  21721-3 0  9990
2 40908  97.4532 318.6723 0005839 194.9034 165.2048 15.54848283612719
LAPAN-A2 (IO-86)
1 40931U 15052B   25151.18580782  .00001310  00000-0  87238-4 0  9990
2 40931   6.0001  24.1284 0012872 339.0660  20.8941 14.78806187523042
LQSAT
1 40958U 15057A   26277.49180661  .00000568  00000-0  87596-4 0  9991
2 40958  97.6802 265.5216 0015443 279.0236  80.9227 14.76891652591443
PRATHAM
1 41783U 16059A   26277.22009417  .00000334  00000-0  67115-4 0  9997
2 41783  97.8421 269.3466 0030004 229.8222 130.0356 14.67312162535505
ALSAT-1N
1 41789U 16059G   26277.47910213  .00000426  00000-0  79609-4 0  9998
2 41789  97.8081 276.0097 0025196 195.4538 164.5902 14.69452564536055
CAS-2T & KS-1Q
1 41847U 16066G   26277.45427782  .00000857  00000-0  12814-3 0  9995
2 41847  98.3731 351.9207 0341624 157.7834 203.8573 14.44878309520574
GOES-16
1 41866U 16071A   26277.34908769 -.00000105  00000-0  00000+0 0  9996
2 41866   0.6054  84.0000 0002278 149.0392 160.9933  1.00270958 36193
FENGYUN-4A
1 41882U 16077A   26277.60165646 -.00000371  00000-0  00000+0 0  9993
2 41882   2.5934  78.8758 0008609 168.0399 106.1060  1.00272577 36026
FOX-1B (AO-91)
1 43017U 17073E   26277.43353397  .00005833  00000-0  24898-3 0  9997
2 43017  97.4519 142.4165 0145309 311.3986  47.4828 15.14155318481918
CANX-2
1 32790U 08021H   26277.45684378  .00001819  00000-0  12833-3 0  9990
2 32790  97.8769 259.4870 0011221  41.8209 318.3873 15.06244415  1258
AIST-2 (RS-43)
1 39133U 13015D   26277.51203571  .00003886  00000-0  15237-3 0  9993
2 39133  64.8676 259.5693 0013778 259.4073 100.5506 15.27279852740593
NANOSATC-BR1
1 40024U 14033Q   26277.40251863  .00011791  00000-0  35484-3 0  9990
2 40024  98.0626 319.6905 0004462 146.2135 213.9391 15.34540626670719
FUNCUBE-3 (EO-79)/QB50P1
1 40025U 14033R   26277.30330284  .00004145  00000-0  19803-3 0  9997
2 40025  98.0960 296.2244 0007839 201.4777 158.6128 15.19642763669599
QB50P2
1 40032U 14033Y   26277.48390339  .00004973  00000-0  25999-3 0  9993
2 40032  98.0818 281.3152 0007995 151.0966 209.0710 15.16364810669224
PERSEUS-M2
1 40037U 14033AD  26277.51440131  .00000163  00000-0  20106-4 0  9991
2 40037  98.0099 230.3653 0010513 303.4988  56.5227 14.95780535667124
PERSEUS-M1
1 40039U 14033AF  26277.34402159  .00001354  00000-0  12636-3 0  9993
2 40039  97.9754 223.3382 0010020 299.6775  60.3447 14.95925295666957
POLYITAN-1
1 40042U 14033AJ  26277.37082329  .00012548  00000-0  35269-3 0  9997
2 40042  98.0868 314.2264 0007832 120.7851 239.4163 15.36651257670346
TIGRISAT
1 40043U 14033AK  26277.38455932  .00001059  00000-0  12626-3 0  9990
2 40043  97.7988  65.0237 0050225  76.7401 283.9409 14.85487338661833
UKUBE-1
1 40074U 14037F   26277.52798918  .00005632  00000-0  30640-3 0  9995
2 40074  98.4262 292.4359 0002514 125.3405 234.8060 15.14933240665107
DEORBITSAIL
1 40719U 15032E   26277.03060942  .00004585  00000-0  32600-3 0  9996
2 40719  97.5743 131.8337 0011396 221.7488 138.2870 15.05110692607615
D-SAT
1 42794U 17036AF  26277.47523612  .00003762  00000-0  17196-3 0  9992
2 42794  97.5698 256.2790 0080593 141.3150 219.3895 15.18289541507433
CORVUS-BC2
1 42846U 17042X   26277.38465325  .00002416  00000-0  16569-3 0  9991
2 42846  97.4199  74.6280 0014274  97.6108 262.6741 15.06856378503501
CORVUS-BC1
1 42847U 17042Y   26277.36768301  .00001744  00000-0  12027-3 0  9998
2 42847  97.4229  75.4945 0013222  76.3329 283.9370 15.07005962503537
CORVUS-BC1
1 42847U 17042Y   26277.36768301  .00001744  00000-0  12027-3 0  9998
2 42847  97.4229  75.4945 0013222  76.3329 283.9370 15.07005962503537
APRIZESAT-5
1 37792U 11044E   26277.37947660  .00000643  00000-0  88092-4 0  9998
2 37792  98.2507 213.5436 0052405  12.5518 347.6985 14.81237446814952
APRIZESAT-6
1 37793U 11044F   26277.29706752  .00000358  00000-0  57792-4 0  9991
2 37793  98.2285 189.9806 0044322  96.4404  23.1866 14.77039297813252
APRIZESAT-7
1 39416U 13066A   26277.42750341  .00000733  00000-0  77654-4 0  9995
2 39416  97.7840 229.1581 0034877 207.1147 152.8251 14.91779098697516
APRIZESAT-8
1 39425U 13066K   26277.30034750  .00000570  00000-0  67540-4 0  9993
2 39425  97.8333 223.3090 0044308 287.5459  72.0918 14.87824089695891
BUGSAT-1 (TITA)
1 40014U 14033E   26277.53128299  .00003297  00000-0  17149-3 0  9999
2 40014  98.0425  16.5500 0027785 164.3495 195.8602 15.16516345672404
SAUDISAT-4
1 40016U 14033G   26277.33653804  .00000341  00000-0  51527-4 0  9990
2 40016  97.7749  59.8129 0046073  78.6443 281.9941 14.79658401662218
TABLETSAT-AURORA
1 40017U 14033H   26277.50050168  .00004468  00000-0  21815-3 0  9994
2 40017  98.0162 358.1735 0010964 193.5870 166.5069 15.18802160671790
APRIZESAT-9
1 40018U 14033J   26277.34424704  .00000398  00000-0  65918-4 0  9999
2 40018  97.9218  47.9794 0065360 208.3763 151.3880 14.74322764659646
APRIZESAT-10
1 40019U 14033K   26277.30671191  .00000255  00000-0  48131-4 0  9990
2 40019  97.9792  41.9214 0077334 285.6498  73.6185 14.70977337658294
AISAT
1 40054U 14034B   26277.51872419  .00008169  00000-0  49738-3 0  9994
2 40054  98.2332 198.0140 0007605 204.0218 156.0656 15.10678001663700
COSMOS-2407 [+]
1 28380U 04028A   26277.46570627  .00000037  00000-0  22939-4 0  9995
2 28380  82.9648 353.8963 0038074 307.8715  62.8504 13.76341638114913
COSMOS-2414 [+]
1 28521U 05002A   26277.53819617  .00000066  00000-0  42258-4 0  9996
2 28521  82.9499 320.9390 0040481  19.5911 340.6796 13.87935814 98988
COSMOS-2463 [+]
1 36519U 10017A   26277.48433058  .00000024  00000-0  98315-5 0  9999
2 36519  82.9638 169.4179 0035830 184.7025 348.7287 13.71671342822911
NOAA-15
1 25338U 98030A   26277.48603718  .00000054  00000-0  39487-4 0  9996
2 25338  98.5042 295.1540 0010831  32.8871 327.2982 14.27172638476886
NOAA-18
1 28654U 05018A   26277.53862007  .00000023  00000-0  35048-4 0  9993
2 28654  98.8040 355.5886 0014004 196.0981 163.9749 14.13746062101767
NOAA-19
1 33591U 09005A   26277.48633785  .00000003  00000-0  25258-4 0  9992
2 33591  98.9419 348.3833 0014787  82.2067 278.0783 14.13487876909920
SARAL
1 39086U 13009A   26277.46255409  .00000042  00000-0  31489-4 0  9993
2 39086  98.5556 102.6681 0001584   4.0833 356.0364 14.32910303711255
LAPAN-A3
1 41603U 16040E   26277.49573288  .00002180  00000-0  69160-4 0  9992
2 41603  97.1584 270.1515 0009720 353.9619   6.1505 15.33693407571567
METOP-A
1 29499U 06044A   26277.46459825  .00000964  00000-0  11591-3 0  9993
2 29499  98.3404  27.6577 0174237  80.9921 338.2649 14.76275927 41572
METEOR M1
1 35865U 09049A   26277.47083116  .00000037  00000-0  36114-4 0  9992
2 35865  98.7540 239.2294 0002466  20.4367 339.6910 14.23176057884796
METOP-B
1 38771U 12049A   26277.50592856  .00000037  00000-0  36797-4 0  9992
2 38771  98.6382 326.7596 0002949  51.3189 308.8252 14.21462561728796
METEOR M2
1 40069U 14037A   26277.53070456  .00000028  00000-0  32011-4 0  9999
2 40069  98.5276 249.4718 0006987  79.9127 280.2839 14.21487620634851
CSSWE
1 38761U 12048D   26277.19739410  .00025628  00000-0  44970-3 0  9998
2 38761  64.6614  82.6431 0026496 130.0831 230.2639 15.50101393133269
MCUBED-2
1 39469U 13072H   26277.41509604  .00012792  00000-0  44687-3 0  9990
2 39469 120.4893  54.7322 0139896 132.0628 229.2441 15.21316647134436
IPEX
1 39471U 13072K   26277.23912856  .00007814  00000-0  35992-3 0  9998
2 39471 120.4644 353.2201 0168290 114.3067 247.5675 15.09826558131696
FOX-1A (AO-85)
1 40967U 15058D   26277.53090756  .00001516  00000-0  14043-3 0  9992
2 40967  64.7729 299.0243 0140509  15.9615 344.5856 14.91444446129871
OOREOS
1 37224U 10062C   26277.47694263  .00001115  00000-0  11007-3 0  9992
2 37224  71.9704 192.7029 0015823 222.8425 137.1514 14.94092370132964
STARS (KUKAI)
1 33498U 09002G   26277.37092479  .00001917  00000-0  17474-3 0  9997
2 33498  98.1671 229.2443 0008502 158.1347 202.0238 14.96384570954801
YUBELEINY-2 (RS-40)
1 38735U 12041C   26277.53035125  .00000015  00000-0  33617-4 0  9992
2 38735  82.4824   6.4958 0017687 186.2629 173.8232 12.42652541643428
AIST-1
1 39492U 13078C   26277.50536200  .00000636  00000-0  53899-4 0  9994
2 39492  82.4173 164.9677 0015024 272.6228  87.3274 14.96308420691593
VELOX-1
1 40057U 14034E   26277.51503414  .00003587  00000-0  30359-3 0  9991
2 40057  98.2457 188.7239 0004484 276.0713  83.9997 14.98720631662973
DX1
1 40071U 14037C   26277.47868071  .00001599  00000-0  17120-3 0  9990
2 40071  98.4019 245.9133 0005621 281.0392  79.0191 14.90259063662382
COSMOS-2491 (RS-46) [i]
1 39497U 13076E   26277.51995311  .00000026  00000-0  11920-3 0  9991
2 39497  82.4801 100.0351 0012634 209.3247 150.7126 12.43499014578841
COSMOS-2499 (RS-47) [i]
1 39765U 14028E   26277.46234672  .00000016  00000-0  11584-4 0  9993
2 39765  82.4533 178.7058 0232477 104.9533 257.7432 12.82905335579035
TRANSIT 5B-5
1   965U 64083D   26277.53977937  .00000048  00000-0  54456-4 0  9995
2   965  90.0880 203.9533 0040461 320.4229 213.9084 13.57020841 58448
EUTELSAT 1-F4 (ECS 4)
1 18351U 87078B   26275.76237205  .00000018  00000-0  00000-0 0  9991
2 18351  13.7539 341.3660 0007927  36.2238 326.2938  0.98687231127827
BISONSAT
1 40968U 15058E   26277.28924131  .00003085  00000-0  24180-3 0  9994
2 40968  64.7733 277.0327 0129280  12.2050 348.2144 14.96592921132986
DTUSAT-2
1 40030U 14033W   26276.77511678  .00004126  00000-0  21753-3 0  9997
2 40030  98.0928 281.5377 0006616 214.0937 145.9870 15.16193133669135
ELEKTRO-L2
1 41105U 15074A   26277.24477230 -.00000128  00000-0  00000+0 0  9992
2 41105   6.9614  69.1338 0002601 193.7681 183.6465  1.00270776 39604
DOVE-3
1 39429U 13066P   26277.54154741  .00001308  00000-0  17504-3 0  9990
2 39429  97.6481 131.7608 0113820  30.1392 330.6303 14.76670436687141
FORTE
1 24920U 97047A   26277.30034325  .00000067  00000-0  50143-4 0  9998
2 24920  69.9515 127.5587 0019739 134.4868 225.7872 14.27979634514265
DMSP 5D-2 F15/USA-147
1 25991U 99067A   26277.56731146  .00000036  00000-0  40175-4 0  9994
2 25991  98.9858 317.4362 0010795  55.5595  65.7291 14.17590953386143
CASSIOPE-1
1 39265U 13055A   26277.51824000  .00035940 -60727-6  35104-3 0  9999
2 39265  80.9105 293.1765 0264912  51.9539 310.5282 15.32822211684375
D-STAR ONE PHOENIX
1 43188U 18014J   26277.48620307  .00003567  00000-0  18112-3 0  9999
2 43188  97.5257 181.8047 0008676   8.0519 352.0852 15.17523346475334
S-NET D
1 43186U 18014G   26277.22417656  .00003088  00000-0  15735-3 0  9996
2 43186  97.5241 181.3244 0008341  13.4211 346.7243 15.17511197475297
TEN-KOH
1 43677U 18084G   26277.49668346  .00001778  00000-0  13592-3 0  9994
2 43677  98.0715 114.4837 0010421 110.4602 249.7742 15.03301110432581
STARS-AO
1 43679U 18084J   26277.32911998  .00003336  00000-0  16759-3 0  9992
2 43679  98.0340 138.0370 0002978 126.1358 234.0150 15.18050147434029
LUOJIA-1 01
1 43485U 18048B   26277.48854763  .00000684  00000-0  81244-4 0  9995
2 43485  97.8020 353.8954 0010107 117.9273 242.2968 14.87594702450467
DIWATA-2B (PO-101)
1 43678U 18084H   26277.52461498  .00000941  00000-0  79292-4 0  9999
2 43678  98.1159 118.5446 0013039 164.6903 195.4716 15.00772768432619
ESHAIL-2
1 43700U 18090A   26277.10669667  .00000131  00000-0  00000-0 0  9992
2 43700   0.0054 161.8512 0001398  64.7127 210.4457  1.00271028 28764
K2SAT
1 43761U 18099D   26277.33404278  .00001172  00000-0  82350-4 0  9996
2 43761  97.4073 314.1187 0010656 339.1478  20.9314 15.06933928428549
AISTECHSAT-2
1 43768U 18099L   26277.06839887  .00003250  00000-0  17094-3 0  9992
2 43768  97.4178 322.7199 0002959 284.7406  75.3499 15.16351553428775
SNUSAT-2
1 43782U 18099AA  26277.10000783  .00005226  00000-0  22346-3 0  9999
2 43782  97.3938 328.8471 0008246 273.0785  86.9508 15.23240619429600
ITASAT-1
1 43786U 18099AE  26277.12942761  .00003939  00000-0  18478-3 0  9996
2 43786  97.3907 326.4824 0011342 338.8465  21.2300 15.20190079429458
EAGLET-1
1 43790U 18099AJ  26277.08971247  .00002054  00000-0  11789-3 0  9992
2 43790  97.4111 323.8523 0010164 337.0649  23.0128 15.13604452428807
ESEO
1 43792U 18099AL  26277.06418457  .00000253  00000-0  22181-4 0  9999
2 43792  97.3871 309.7552 0011094 328.5629  31.4933 15.04497686428178
MINXSS-2
1 43758U 18099A   26277.46667547  .00037490  00000-0  56344-3 0  9991
2 43758  97.4425 357.5140 0006220 212.5168 147.5704 15.54759879431062
FOX-1CLIFF (AO-95)
1 43770U 18099N   26276.14910418  .00007066  00000-0  25568-3 0  9997
2 43770  97.4260 336.0820 0007181 335.2511  24.8383 15.28710133429701
CORVUS-BC4
1 43767U 18099K   26277.38796441  .00002646  00000-0  15256-3 0  9990
2 43767  97.3958 317.1605 0007734 355.4718   4.6443 15.13202067428919
CZ-4B R/B
1 43656U 18081B   26277.40339381  .00000087  00000-0  43725-4 0  9997
2 43656  99.3663 204.0074 0204001 312.3439  46.0619 14.31898802414932
COSMOS 2504 [i]
1 40555U 15020D   26277.47354374  .00000079  00000-0  24256-4 0  9997
2 40555  82.5180 146.8556 0607694 337.3527  20.1802 13.61431159565061
MERIDIAN-6
1 38995U 12063A   26266.24437718 -.00000637  00000-0  00000-0 0  9991
2 38995  63.6725 340.8364 7374182 227.9725  40.4819  2.00699718101470
MERIDIAN-7
1 40296U 14069A   26276.85703632  .00000218  00000-0  00000-0 0  9999
2 40296  63.4464 204.7857 6611006 269.8069  20.3185  2.00606864 87414
METOP-C
1 43689U 18087A   26277.45059668  .00000031  00000-0  34447-4 0  9991
2 43689  98.7309 335.1954 0000376 115.5380 244.5836 14.21476069410352
FENGYUN-3B
1 37214U 10059A   26277.57577862  .00000398  00000-0  22908-3 0  9997
2 37214  98.9505 323.9919 0021204 235.2069 249.2753 14.14860994822894
FENGYUN-3C
1 39260U 13052A   26277.51641874  .00000067  00000-0  55246-4 0  9990
2 39260  98.5146 246.4463 0015773  70.1783 290.1091 14.15775104674030
EWS-G1 (GOES-13)
1 29155U 06018A   26277.51935757 -.00000165  00000-0  00000+0 0  9995
2 29155   4.8111  75.0299 0059429 279.7137  29.7286  0.98788430 44320
FENGYUN-2H
1 43491U 18050A   26277.47723304 -.00000142  00000-0  00000+0 0  9996
2 43491   3.3051  77.6788 0003135 155.5639  31.0264  1.00269856 30538
FENGYUN-2G
1 40367U 14090A   26277.40995973 -.00000312  00000-0  00000+0 0  9990
2 40367   5.9085  71.4357 0004428 186.3676   2.4859  1.00264610 43095
INMARSAT 4-F1
1 28628U 05009A   26277.51182080  .00000021  00000-0  00000+0 0  9991
2 28628   5.3216  42.8185 0003073 165.7563 167.0175  1.00271417 78767
INMARSAT 4-F2
1 28899U 05044A   26277.27614578 -.00000271  00000-0  00000+0 0  9993
2 28899   5.2378  43.7236 0002794 164.4836  47.6994  1.00272379 76612
INMARSAT 4-F3
1 33278U 08039A   26277.53691419 -.00000152  00000-0  00000+0 0  9993
2 33278   4.3995  31.8068 0003132 177.2928 259.4485  1.00271444 47647
INMARSAT 4A-F4 (ALPHASAT)
1 39215U 13038A   26277.26017177  .00000123  00000-0  00000+0 0  9995
2 39215   3.0051   0.5936 0003855 207.9157 282.9887  1.00271752 45116
ASTROCAST
1 43798U 18099AS  26277.19530014  .00036685  00000-0  50158-3 0  9995
2 43798  97.4280 359.6587 0004274 173.6858 186.4452 15.57349211431355
JY1SAT (JO-97)
1 43803U 18099AX  26276.16008238  .00010581  00000-0  29654-3 0  9990
2 43803  97.4004 339.5452 0004242 230.2680 129.8191 15.36782377430195
SUOMI-100
1 43804U 18099AY  26276.41116976  .00007417  00000-0  25297-3 0  9991
2 43804  97.4063 336.5029 0008031 251.7699 108.2668 15.30616842429966
GEO-KOMPSAT-2A
1 43823U 18100A   26277.54261280 -.00000359  00000-0  00000+0 0  9999
2 43823   0.0484  26.8308 0001316 115.6697 194.3533  1.00271156 28721
UWE-4
1 43880U 18111E   26276.25974821  .00028834  00000-0  46296-3 0  9991
2 43880  97.5831 210.1677 0003368 309.7677  50.3279 15.53000920427511
METEOR M2-2
1 44387U 19038A   26277.54674610 -.00000160  00000-0 -49076-4 0  9993
2 44387  98.9276 266.5078 0002328  71.9466 288.1965 14.24389103376865
MOMENTUS-X1
1 44408U 19038Y   26277.10988726  .00060273  00000-0  36166-3 0  9999
2 44408  97.6592 333.2486 0003682 323.2556  36.8457 15.77608865403669
MERIDIAN-8
1 44453U 19046A   26277.38899082  .00000193  00000-0  00000+0 0  9993
2 44453  63.2295  36.5459 7102541 275.1028  14.5490  2.00616014 52534
TAURUS-1
1 44530U 19059C   26277.50278999  .00004216  00000-0  66438-3 0  9996
2 44530  98.6511  89.2721 0007937 333.5808  26.4992 14.73023096374734
GAOFEN 12-01
1 44819U 19082A   26277.50176778  .00000201  00000-0  32907-4 0  9999
2 44819  97.8155 281.0272 0002254  70.6223 289.5233 14.80528836370263
CAS-6 (TO-108)
1 44881U 19093C   26277.48980554  .00000749  00000-0  90212-4 0  9992
2 44881  97.7427 347.0027 0015057  87.4686 272.8254 14.86653090367652
ELEKTRO-L3
1 44903U 19095A   26275.68255170 -.00000053  00000-0  00000-0 0  9999
2 44903   0.1079  70.2108 0002844  95.4543 105.9130  0.99415291 24785
DOSAAF-85 (RS-44)
1 44909U 19096E   26277.45637117  .00000020  00000-0  43994-4 0  9994
2 44909  82.5165 267.0892 0216364 248.7975 108.9889 12.79749541316320
MERIDIAN-9
1 45254U 20015A   26277.13579890 -.00000008  00000-0  00000+0 0  9992
2 45254  65.5408 307.5669 6824413 276.0744  16.1819  2.00616461 48479
DEKART
1 46493U 20068H   26277.54088584  .00008159  00000-0  20997-3 0  9991
2 46493  97.8742 294.8352 0006694 251.2555 108.7963 15.39522461332581
NORBY
1 46494U 20068J   26277.46933633  .00017315  00000-0  28053-3 0  9992
2 46494  97.8576 303.4256 0004851 194.2978 165.8137 15.52855823333141
SALSAT (TUBSAT 22)
1 46495U 20068K   26277.52647161  .00005504  00000-0  18576-3 0  9994
2 46495  97.8887 287.3876 0007587 280.4412  79.5973 15.31131140332082
NETSAT-4
1 46504U 20068U   26277.28069507  .00013687  00000-0  27029-3 0  9994
2 46504  97.8604 294.5816 0002851 294.1429  65.9522 15.47285350332622
NETSAT-3
1 46505U 20068V   26277.30356039  .00012776  00000-0  26303-3 0  9999
2 46505  97.8660 292.6985 0003038 325.8749  34.2303 15.46089167332528
NETSAT-1
1 46506U 20068W   26277.27038892  .00008498  00000-0  23836-3 0  9994
2 46506  97.8788 285.6195 0004223   9.1121 351.0198 15.36851473332043
NETSAT-2
1 46507U 20068X   26277.01038467  .00015605  00000-0  27916-3 0  9996
2 46507  97.8609 294.6542 0002521 347.0670  13.0515 15.50098459332573
ARKTIKA-M1
1 47719U 21016A   26240.26492856 -.00000181  00000-0  00000-0 0  9995
2 47719  63.2716  47.0656 7311783 270.2647  14.4685  2.00630359 40236
UNISAT-7
1 47945U 21022P   26277.25810582  .00010403  00000-0  23695-3 0  9997
2 47945  97.3766 183.4539 0010073  49.9646 310.2484 15.43081287306663
CSS (TIANHE-1)
1 48274U 21035A   26277.55647021  .00017310  00000-0  20933-3 0  9992
2 48274  41.4702  17.8118 0001827 329.3971  30.6761 15.60294609310248
FENGYUN-4B
1 48808U 21047A   26277.57100267 -.00000344  00000-0  00000+0 0  9995
2 48808   0.4238  81.0218 0008250 277.9363 324.5573  1.00268590 19661
JILIN-01 GAOFEN 2F
1 49338U 21097A   26277.51319052  .00003030  00000-0  19838-3 0  9994
2 49338  97.6831  43.5782 0017765 211.0711 148.9468 15.08400369272794
TEIKYOSAT-4 (OORURI)
1 49396U 21102B   26277.35260029  .00001137  00000-0  74031-4 0  9999
2 49396  97.3608 302.5781 0010261 278.2810  81.7256 15.09816590269190
Z-SAT
1 49399U 21102E   26277.51103833  .00002161  00000-0  10638-3 0  9999
2 49399  97.3244 309.5169 0015119 220.5104 139.5006 15.18947165270032
KOSEN-1
1 49402U 21102H   26277.08106811  .00004778  00000-0  17652-3 0  9994
2 49402  97.3081 317.1597 0013447 174.2339 185.9058 15.28124178270644
CAMSAT XW-3 (CAS-9)
1 50466U 21131B   26277.52543049  .00000229  00000-0  84328-4 0  9997
2 50466  98.4966   9.3173 0005126 122.4756 237.6929 14.41437194250866
GOES-18
1 51850U 22021A   26277.49102427  .00000082  00000-0  00000+0 0  9998
2 51850   0.0046 345.7234 0000656 280.1654 147.0796  1.00270298  7686
MERIDIAN-10
1 52145U 22030A   26276.64057385  .00000152  00000-0  00000-0 0  9993
2 52145  62.6820 129.0084 6815599 272.8172  17.4438  2.00591382 33204
BRO-6
1 52422U 22047AE  26277.48980672  .00040090  00000-0  51197-3 0  9997
2 52422  97.3349  11.2913 0003974  33.4070 326.7437 15.59157246248134
STEP CUBELAB-II
1 52897U 22065D   26277.46885273  .00000442  00000-0  94790-4 0  9996
2 52897  98.2394  61.1470 0009558  48.3506 311.8513 14.63439195227480
RANDEV
1 52898U 22065E   26277.50917111  .00000389  00000-0  83690-4 0  9996
2 52898  98.2380  61.5875 0008875  48.6641 311.5324 14.63832350227244
SNUGLITE-II
1 52899U 22065F   26277.35341530  .00000530  00000-0  10909-3 0  9996
2 52899  98.2363  62.1052 0008262  48.2693 311.9215 14.64509959226972
MIMAN
1 52900U 22065G   26277.35501978  .00000274  00000-0  64194-4 0  9994
2 52900  98.2427  59.3983 0008489  51.4174 308.7786 14.61938714226393
GREENCUBE (IO-117)
1 53106U 22080B   25167.32760529 -.00000003  00000-0  00000-0 0  9996
2 53106  70.1560  65.9804 0008358  24.6429 335.4629  6.42557409 68669
ROBUSTA 1F (MTCUBE-2)
1 53109U 22080E   26276.97409515 -.00000003  00000-0  00000-0 0  9997
2 53109  70.1208 260.3996 0009163 266.6515  93.3097  6.42583783 99053
BLUEWALKER-3
1 53807U 22111AL  26277.48372573  .00004445  00000-0  12176-3 0  9990
2 53807  53.2276 240.3778 0006426 141.5596 218.5868 15.39438785227035
OTB-3-GAZELLE
1 54023U 22127A   26277.50222681  .00000055  00000-0  29460-4 0  9993
2 54023  98.4058 267.6012 0012330 214.8578 145.1805 14.42705222210127
ELEKTRO-L4
1 55506U 23016A   26276.50566111 -.00000070  00000-0  00000-0 0  9999
2 55506   0.0948  66.6523 0002247 133.7904 159.5663  1.00271459 13428
SHARJAHSAT-1
1 55104U 23001CZ  26277.46408008  .00018175  00000-0  29107-3 0  9999
2 55104  97.3036 347.9754 0006280  73.7608 286.4336 15.53143647209430
METEOR M2-3
1 57166U 23091A   26277.49654716 -.00000036  00000-0  30818-5 0  9991
2 57166  98.5965 330.1709 0003536 196.3380 163.7685 14.24053445170072
RESHUCUBE-2 (RS37S)
1 57168U 23091C   26277.50684112  .00006637  00000-0  24441-3 0  9993
2 57168  97.4905 340.3814 0012292  83.6779 276.5860 15.28110424180946
RASSVET 1-1
1 57169U 23091D   26277.50606075  .00006449  00000-0  25607-3 0  9992
2 57169  97.4990 339.3138 0011219  80.9691 279.2816 15.25632695180823
RASSVET 1-2
1 57170U 23091E   26277.50618756  .00006460  00000-0  25659-3 0  9993
2 57170  97.4996 339.3997 0010107  73.9918 286.2432 15.25631441180823
RASSVET 1-3
1 57171U 23091F   26277.50577366  .00006447  00000-0  25589-3 0  9992
2 57171  97.4992 339.3440 0012039  89.9028 270.3590 15.25633463180823
UMKA-1 (RS40S)
1 57172U 23091G   26277.47412334  .00004017  00000-0  17949-3 0  9994
2 57172  97.4928 335.7560 0014015  97.7860 262.4967 15.21833018180625
SATURN (RS43S)
1 57174U 23091J   26277.48658859  .00002020  00000-0  11298-3 0  9994
2 57174  97.4930 328.9966 0014364 126.3520 233.9040 15.14528169180178
CUBEBEL-2 (EU11S)
1 57175U 23091K   26277.50953084  .00009566  00000-0  31706-3 0  9994
2 57175  97.4929 341.8168 0010697  89.7811 270.4656 15.31439838181022
SITRO-AIS-5 (ANOKHIN)
1 57176U 23091L   26277.51193075  .00009557  00000-0  31517-3 0  9992
2 57176  97.4941 342.5512 0012019  78.6382 281.6208 15.31587611181062
ZORKIY-2M
1 57177U 23091M   26277.51472529  .00004996  00000-0  22094-3 0  9999
2 57177  97.4969 336.1503 0014489  94.9664 265.3227 15.22061515180620
CUBESX-HSE-3 (RS42S)
1 57178U 23091N   26277.48194669  .00011017  00000-0  34114-3 0  9990
2 57178  97.4976 344.5708 0011076  68.7495 291.4929 15.33579048181165
PHI-DEMO
1 57181U 23091R   26277.48769440  .00001620  00000-0  90045-4 0  9994
2 57181  97.4941 329.9525 0016345 117.1106 243.1795 15.15001415180237
MONITOR-3 (RS58S)
1 57180U 23091Q   26277.50418855  .00008125  00000-0  28453-3 0  9997
2 57180  97.4964 341.8285 0012404  76.8784 283.3840 15.29688887180991
NORBY-2
1 57179U 23091P   26277.52666403  .00002536  00000-0  13076-3 0  9996
2 57179  97.4970 332.4146 0016195 104.8411 255.4618 15.17173917180362
MONITOR-4 (RS57S)
1 57182U 23091S   26277.47686560  .00008400  00000-0  29320-3 0  9995
2 57182  97.4958 341.7784 0012417  77.1653 283.0974 15.29782346180992
MONITOR-2 (RS39S)
1 57184U 23091U   26277.50828794  .00003280  00000-0  15648-3 0  9997
2 57184  97.4948 335.0718 0012572  92.5126 267.7548 15.19724632180555
SVYATOBOR-1 (RS60S)
1 57187U 23091X   26277.52918184  .00006897  00000-0  25358-3 0  9991
2 57187  97.4971 342.0030 0010355  71.7126 288.5239 15.28170622181008
VIZARD-METEO (RS38S)
1 57189U 23091Z   26277.47835351  .00015442  00000-0  39958-3 0  9998
2 57189  97.4982 349.3404 0007253  49.5508 310.6368 15.39142594181488
SITRO-AIS-6 (CHIRKIN)
1 57192U 23091AC  26277.49492075  .00007471  00000-0  27842-3 0  9998
2 57192  97.4948 341.0406 0012481  83.5902 276.6758 15.27672821180964
SITRO-AIS-8 (SHCHUKIN)
1 57193U 23091AD  26277.51801748  .00011916  00000-0  35585-3 0  9995
2 57193  97.4941 344.6294 0010760  74.8525 285.3907 15.34709427181206
SITRO-AIS-7 (SHEFFER)
1 57194U 23091AE  26277.45659933  .00006502  00000-0  24536-3 0  9995
2 57194  97.4944 340.7650 0012448  84.8369 275.4290 15.27311105180944
AVION KALUGA 650 (RS24S)
1 57195U 23091AF  26277.51289463  .00003750  00000-0  17056-3 0  9991
2 57195  97.4965 336.6448 0011681  89.9153 270.3421 15.21292329180649
SITRO-AIS-10 (KATYS)
1 57199U 23091AK  26277.50258058  .00018451  00000-0  42818-3 0  9998
2 57199  97.4972 350.9009 0006369  50.3866 309.7942 15.42417978181595
SITRO-AIS-9 (BURDAEV)
1 57201U 23091AM  26277.50287836  .00018182  00000-0  43069-3 0  9998
2 57201  97.4969 350.5356 0006662  50.6968 309.4868 15.41801484181578
UTMN-2 (RS27S)
1 57203U 23091AP  26277.50680544  .00010772  00000-0  32559-3 0  9992
2 57203  97.4976 346.3618 0008236  58.9140 301.2910 15.34378395181293
SITRO-AIS-12 (FARTUSHNY)
1 57204U 23091AQ  26277.47194493  .00014058  00000-0  33024-3 0  9991
2 57204  97.4984 351.0428 0006147  45.6475 314.5274 15.42113809181597
AHMAT-1 (RS41S)
1 57206U 23091AS  26277.34122440  .00522826  11997-3  10887-2 0  9990
2 57206  97.4824   5.9887 0006399 268.0270  92.0274 15.99051711182582
SITRO-AIS-11 (SMIRENNY)
1 57208U 23091AU  26277.51681758  .00018343  00000-0  42247-3 0  9993
2 57208  97.4983 351.4127 0006102  44.8449 315.3290 15.42648563181624
KUZGTU-1 (RS47S)
1 57217U 23091AV  26277.51236456  .00009187  00000-0  29930-3 0  9994
2 57217  97.4945 343.2064 0011558  72.9503 287.3004 15.31997946181109
ARKTIKA-M2
1 58584U 23198A   26230.07438780  .00000056  00000-0  00000-0 0  9994
2 58584  63.2129 147.3319 6901614 267.6403  18.7125  2.00593343 19562
METEOR M2-4
1 59051U 24039A   26277.49448487  .00000002  00000-0  20490-4 0  9991
2 59051  98.7164 235.4850 0006399 206.2275 153.8580 14.22438987134809
PARS-1
1 59065U 24039Q   26277.51610360  .00008407  00000-0  16372-3 0  9990
2 59065  97.4951 262.1280 0011084  80.8550 279.3953 15.47758686145547
SITRO-AIS-25
1 59066U 24039R   26277.56360500  .00002108  00000-0  16458-3 0  9991
2 59066  95.3789 310.2102 0141332 305.8027  53.0131 14.94127782141056
SITRO-AIS-26
1 59067U 24039S   26277.51357604  .00002075  00000-0  16284-3 0  9998
2 59067  95.3790 310.0501 0141743 306.6999  52.1271 14.93907650141035
SITRO-AIS-27
1 59068U 24039T   26277.51934858  .00002051  00000-0  15951-3 0  9995
2 59068  95.3791 310.3777 0140719 305.0225  53.7862 14.94346227141066
SITRO-AIS-28
1 59071U 24039U   26277.49429059  .00001959  00000-0  15243-3 0  9998
2 59071  95.3793 310.4138 0140594 304.9259  53.8823 14.94378770141066
SONATE-2
1 59112U 24043Q   26277.42406191  .00048950  00000-0  44569-3 0  9999
2 59112  97.5631  75.3401 0005286 156.8808 203.2691 15.67779627144951
HORS-1
1 57188U 23091Y   26277.50540897  .00006714  00000-0  24580-3 0  9996
2 57188  97.4947 341.7300 0009793  71.6480 288.5824 15.28327508181001
HORS-2
1 57196U 23091AG  26277.48829855  .00011484  00000-0  34782-3 0  9991
2 57196  97.4976 346.1325 0008473  63.3451 296.8658 15.34294230181276
ZORKIY-2M 6
1 59774U 24092B   26277.54725895  .00007294  00000-0  25003-3 0  9993
2 59774  97.6625  49.8794 0008996 150.3752 209.7999 15.30470742132256
ZORKIY-2M 4
1 59775U 24092C   26277.47585466  .00007270  00000-0  24351-3 0  9993
2 59775  97.6774  51.9933 0008989 152.7577 207.4136 15.31220919132296
SITRO-AIS-53
1 59776U 24092D   26277.33815299  .00015606  00000-0  38419-3 0  9991
2 59776  97.6712  55.3369 0007091 118.0926 242.1037 15.40670723132531
SITRO-AIS-54
1 59777U 24092E   26277.35870779  .00014496  00000-0  35812-3 0  9998
2 59777  97.6713  55.2995 0007194 118.0257 242.1717 15.40579949132531
SITRO-AIS-56
1 59778U 24092F   26277.34066086  .00015677  00000-0  37547-3 0  9995
2 59778  97.6706  55.7414 0007312 117.3782 242.8209 15.41501342132561
RASSVET 1-4
1 59779U 24092G   26277.51564315  .00000069  00000-0  42624-4 0  9995
2 59779  98.6825  36.5081 0010938 244.5108 115.4944 14.31876082124549
RASSVET 1-5
1 59780U 24092H   26277.51532942  .00000096  00000-0  52582-4 0  9992
2 59780  98.6821  36.4993 0011281 245.9962 114.0040 14.31880836124547
RASSVET 1-6
1 59781U 24092J   26277.58372690  .00000092  00000-0  51213-4 0  9998
2 59781  98.6823  36.5736 0011167 245.9475 114.0540 14.31881073124558
SITRO-AIS-55
1 59809U 24092K   26277.30333527  .00014523  00000-0  36247-3 0  9998
2 59809  97.6705  54.9940 0007274 118.2270 241.9710 15.40268150132012
MESAT-1
1 60209U 24125G   26277.07714931  .00111369  00000-0  61553-3 0  9991
2 60209  97.2058 138.0795 0007517 148.8788 211.2926 15.79266141126652
ISTSAT-1
1 60238U 24128D   26277.35644020  .00003326  00000-0  20068-3 0  9997
2 60238  61.9872 179.7784 0022419 151.2570 208.9767 15.12716448122975
ARCTIC WEATHER SATELLITE
1 60543U 24149CD  26277.43039731  .00000342  00000-0  41259-4 0  9996
2 60543  97.6697 344.7094 0003574 103.2189 256.9428 14.89804594115564
IONOSFERA-M 01
1 61735U 24199A   26277.54994733  .00000017  00000-0  27288-4 0  9994
2 61735  98.6979 149.4743 0001351 131.1510 228.9785 14.22770935143252
IONOSFERA-M 02
1 61736U 24199B   26277.51366892  .00000011  00000-0  24261-4 0  9993
2 61736  98.6978 149.3482 0001562  50.2084 309.9232 14.22774222146378
SITRO-AIS-16
1 61737U 24199C   26277.51750410  .00000839  00000-0  75461-4 0  9993
2 61737  97.3177 110.0423 0007857  59.0654 301.1341 14.98029961148181
SITRO-AIS-15
1 61738U 24199D   26277.50058293  .00001657  00000-0  14458-3 0  9990
2 61738  97.3188 110.0680 0008145  62.5848 297.6203 14.98051201148182
SITRO-AIS-21
1 61739U 24199E   26277.48192053  .00001776  00000-0  16471-3 0  9990
2 61739  97.3208 108.1065 0013799  58.6817 301.5754 14.95528033148088
SITRO-AIS-22
1 61740U 24199F   26277.52116451  .00001042  00000-0  96705-4 0  9990
2 61740  97.3199 108.4937 0013632  56.6501 303.6024 14.96316067148260
SITRO-AIS-24
1 61741U 24199G   26277.48833010  .00001852  00000-0  16715-3 0  9994
2 61741  97.3206 108.5477 0013781  58.6619 301.5951 14.96565218148234
SITRO-AIS-23
1 61742U 24199H   26277.50661936  .00000964  00000-0  89735-4 0  9990
2 61742  97.3203 108.5135 0013679  57.6679 302.5866 14.96345749148112
SITRO-AIS-13
1 61743U 24199J   26277.46926904  .00001167  00000-0  10246-3 0  9991
2 61743  97.3164 110.2396 0007037  62.8933 297.3008 14.98318361148357
CSTP-2.11
1 61744U 24199K   26277.50510451  .00035992  00000-0  47408-3 0  9996
2 61744  97.2740 154.7370 0004745 212.6882 147.4081 15.58349851151358
POLYTECH UNIVERSE-5 (RS70S)
1 61745U 24199L   26276.67132373  .00102755  00000-0  63773-3 0  9992
2 61745  97.2718 158.5692 0003693 161.0306 199.1098 15.76709123154685
COLIBRI-S (RS67S)
1 61746U 24199M   26277.49529911  .00021457  00000-0  35675-3 0  9991
2 61746  97.2758 152.5664 0005390 231.1299 128.9473 15.52070125154346
POLYTECH UNIVERSE-4 (RS71S)
1 61747U 24199N   26277.53145586  .00018099  00000-0  33339-3 0  9992
2 61747  97.2795 151.4857 0006330 228.4407 131.6302 15.49192927154270
SITRO-AIS-44
1 61748U 24199P   26277.15594895  .01166676  93704-3  96917-3 0  9995
2 61748  97.2489 162.6572 0005948 167.0995 193.0444 16.14102882155019
VIZARD-ION (RS68S)
1 61749U 24199Q   26277.51201455  .00048488  00000-0  52852-3 0  9996
2 61749  97.2764 156.4714 0003805 193.1434 166.9727 15.63254455154607
MTUSI-1
1 61750U 24199R   26277.49972734  .00047245  00000-0  51090-3 0  9993
2 61750  97.2744 155.9058 0003386 209.0016 151.1055 15.63465160154583
VLADIVOSTOK-1
1 61751U 24199S   26277.48238999  .00007056  00000-0  18798-3 0  9995
2 61751  97.2805 146.1560 0007293 274.6376  85.4036 15.38461966153938
SITRO-AIS-14
1 61752U 24199T   26277.47603052  .00001620  00000-0  14128-3 0  9995
2 61752  97.3170 110.0934 0007371  64.4695 295.7290 14.98101136151487
HORS-3 (RS81S)
1 61753U 24199U   26277.53468733  .00049147  00000-0  53792-3 0  9994
2 61753  97.2763 156.0671 0003244 199.7244 160.3890 15.63147527154595
HORS-4 (RS82S)
1 61754U 24199V   26277.48664104  .00087540  00000-0  65935-3 0  9990
2 61754  97.2689 158.2170 0003563 169.8616 190.2720 15.72248578154745
SITRO-AIS-43
1 61755U 24199W   26276.40233907  .06207563  24823-5  86627-3 0  9995
2 61755  97.2546 162.4004 0005329 224.9412 135.1455 16.35101208154921
SITRO-AIS-42
1 61756U 24199X   26277.39901058  .00628945  19141-3  97279-3 0  9999
2 61756  97.2541 162.8408 0004479 147.7334 212.4222 16.04229492155046
SITRO-AIS-20
1 61758U 24199Z   26277.50371376  .00001462  00000-0  12700-3 0  9994
2 61758  97.3184 110.3237 0007866  63.9516 296.2516 14.98396917151505
SITRO-AIS-19
1 61759U 24199AA  26277.50900632  .00001012  00000-0  89362-4 0  9998
2 61759  97.3181 110.3210 0007649  63.6529 296.5480 14.98369616151503
SITRO-AIS-41
1 61760U 24199AB  26277.50195742  .00674629  22495-3  10016-2 0  9991
2 61760  97.2510 162.6620 0006341 140.9305 219.2435 16.04895895155030
NORBY-3
1 61761U 24199AC  26277.53007896  .00060889  00000-0  58158-3 0  9999
2 61761  97.2684 157.0716 0003303 177.1014 183.0266 15.66552676154674
SIT-HSE
1 61763U 24199AE  26277.53194226  .00047013  00000-0  56767-3 0  9993
2 61763  97.2756 156.0745 0002427 191.0854 169.0351 15.60608376154593
SIT-2086
1 61764U 24199AF  26277.51707558  .00047979  00000-0  56553-3 0  9994
2 61764  97.2718 156.1432 0004477 186.8948 173.2249 15.61227248151449
HOD-HOD
1 61768U 24199AK  26277.50459586  .00021375  00000-0  32955-3 0  9994
2 61768  97.2765 153.8394 0002913 234.2641 125.8342 15.54182196151291
KOSAR
1 61769U 24199AL  26277.48972127  .00038146  00000-0  45245-3 0  9993
2 61769  97.2722 155.8865 0002214 190.0351 170.0863 15.61119052151436
SITRO-AIS-48
1 61771U 24199AN  26277.54083453  .00082624  00000-0  68806-3 0  9996
2 61771  97.2695 156.8095 0003631 204.8463 155.2625 15.69851789151514
SITRO-AIS-47
1 61773U 24199AQ  26277.50405051  .00089634  00000-0  69905-3 0  9995
2 61773  97.2669 157.1299 0003279 191.5991 168.5197 15.71411939151538
SITRO-AIS-46
1 61774U 24199AR  26276.68983216  .00093441  00000-0  62435-3 0  9990
2 61774  97.2633 157.0601 0002977 184.4818 175.6421 15.75043371151465
CSTP-2.2
1 61775U 24199AS  26277.54162289  .00015497  00000-0  30298-3 0  9993
2 61775  97.2786 150.4171 0011710 234.9627 125.0525 15.47457191151066
SITRO-AIS-40
1 61776U 24199AT  26277.33279434  .00094494  00000-0  60680-3 0  9994
2 61776  97.2639 157.8891 0002969 178.2908 181.8369 15.75956204154724
CSTP-2.1
1 61777U 24199AU  26277.53201413  .00016274  00000-0  29898-3 0  9995
2 61777  97.2784 150.8805 0011910 229.9983 130.0223 15.49235733151097
SITRO-AIS-39
1 61778U 24199AV  26277.53938804  .00082215  00000-0  68772-3 0  9999
2 61778  97.2664 156.5764 0003429 196.2851 163.8302 15.69745558151509
ALTAIR (RS65S)
1 61779U 24199AW  26277.54995316  .00006765  00000-0  17807-3 0  9991
2 61779  97.2842 146.2175 0010210 272.9141  87.0936 15.38825519153920
SITRO-AIS-37
1 61780U 24199AX  26277.49685162  .00089908  00000-0  68311-3 0  9998
2 61780  97.2683 157.2303 0003497 195.6903 164.4253 15.72034033151534
ASRTU-1 (RS64S/BJ2CR/AO-123)
1 61781U 24199AY  26277.51807053  .00005916  00000-0  16499-3 0  9994
2 61781  97.2809 145.2058 0011451 277.2313  82.7630 15.37074783150717
SAMSAT-IONOSPHERE (RS75S)
1 61784U 24199BB  26277.48207361  .00076243  00000-0  65898-3 0  9997
2 61784  97.2716 156.6657 0004713 203.2217 156.8833 15.68961395154634
RTU MIREA-1 (RS51S)
1 61785U 24199BC  26276.69619964  .00112228  00000-0  68621-3 0  9997
2 61785  97.2682 157.5320 0004246 181.5813 178.5440 15.77018395151472
SITRO-AIS-38
1 61786U 24199BD  26277.48120993  .00035114  00000-0  52139-3 0  9990
2 61786  97.2727 153.1817 0005217 238.2996 121.7751 15.55109647151266
2024-199BE (? SWSU-60)
1 61787U 24199BE  26277.53779895  .00007490  00000-0  20128-3 0  9997
2 61787  97.2817 145.6900 0010839 273.9071  86.0935 15.38140908153896
SITRO-AIS-45
1 61788U 24199BF  26277.52959477  .00085660  00000-0  70111-3 0  9995
2 61788  97.2659 156.7088 0003175 195.6127 164.5038 15.70263142151490
SITRO-AIS-17
1 61789U 24199BG  26277.49480058  .00002189  00000-0  18792-3 0  9998
2 61789  97.3183 110.3706 0008035  70.2884 289.9206 14.98400068148400
SITRO-AIS-18
1 61790U 24199BH  26277.51127295  .00000895  00000-0  79577-4 0  9995
2 61790  97.3180 110.3239 0007571  64.5326 295.6680 14.98355549148404
INNOCUBE (TUBSAT-31)
1 62616U 25009H   26277.44365741  .00004680  00000-0  17510-3 0  9990
2 62616  97.3827 356.3443 0004391 316.7067  43.3826 15.27797960 95490
OTP-2
1 63235U 25052AB  26277.43762272  .00004479  00000-0  18096-3 0  9991
2 63235  97.3702 168.2387 0007451 126.9762 233.2159 15.25240061 86515
PADRE
1 64559U 25135AH  26277.54928913  .00000892  00000-0  91740-4 0  9994
2 64559  97.7812  29.8753 0000548 228.8976 131.2196 14.92773116 70166
IONOSFERA-M 03
1 64876U 25155A   26277.48851156  .00000028  00000-0  32587-4 0  9990
2 64876  98.6173 236.7097 0000153 255.8490 104.2670 14.21501760 61939
IONOSFERA-M 04
1 64877U 25155B   26277.52316191  .00000036  00000-0  36147-4 0  9996
2 64877  98.6178 236.6599 0000510 101.3106 258.8129 14.21504457 61938
INNOSAT16 (RS92S7)
1 64878U 25155C   26277.50986719  .00004402  00000-0  17136-3 0  9991
2 64878  97.4715 244.4585 0011028 150.9414 209.2441 15.26474674 97347
GEOSCAN-6 (RS92S6)
1 64879U 25155D   26277.51898863  .00008609  00000-0  28068-3 0  9994
2 64879  97.4700 246.7307 0008769 137.0728 223.1200 15.32022094 97497
GEOSCAN 1 (RS92S1)
1 64880U 25155E   26277.47273932  .00009343  00000-0  29723-3 0  9990
2 64880  97.4696 246.9403 0008684 136.5796 223.6131 15.32785229 97503
239ALFEROV (RS61S)
1 64881U 25155F   26277.52263428  .00013188  00000-0  38197-3 0  9993
2 64881  97.4689 247.9733 0008408 133.5416 226.6527 15.35669865 97572
CSTP-4.3
1 64882U 25155G   26277.48725662  .00007326  00000-0  24577-3 0  9996
2 64882  97.4727 246.5846 0008256 138.0117 222.1758 15.31161188 97472
CSTP-4.2
1 64883U 25155H   26277.48717117  .00007445  00000-0  24968-3 0  9999
2 64883  97.4717 246.5468 0008420 133.5213 226.6729 15.31163483 97479
CSTP-4.4
1 64884U 25155J   26277.48693834  .00007388  00000-0  24781-3 0  9998
2 64884  97.4713 246.5332 0008990 129.0808 231.1234 15.31155239 97470
ASTROLINE-N3
1 64886U 25155L   26277.50883542  .00037374  00000-0  70022-3 0  9997
2 64886  97.4578 251.2577 0008583 113.8889 246.3262 15.48545754 97813
ASTROLINE-N2
1 64888U 25155N   26277.48749249  .00038359  00000-0  71427-3 0  9995
2 64888  97.4583 251.3288 0008661 112.5265 247.6903 15.48716079 97818
GEOSCAN 2 (RS92S2)
1 64890U 25155Q   26277.51367260  .00009341  00000-0  29491-3 0  9994
2 64890  97.4695 247.1752 0008392 124.7468 235.4565 15.33029747 97525
GEOSCAN-5 (RS92S5)
1 64891U 25155R   26277.49039520  .00012950  00000-0  37180-3 0  9991
2 64891  97.4683 248.1176 0007269 135.5711 224.6117 15.35958869 97584
GEOSCAN-4 (RS92S4)
1 64892U 25155S   26277.52688625  .00013719  00000-0  39111-3 0  9992
2 64892  97.4688 248.2407 0007159 134.9852 225.1973 15.36165119 97591
GEOSCAN-3 (RS92S3)
1 64893U 25155T   26277.49135653  .00017381  00000-0  45323-3 0  9998
2 64893  97.4671 249.0063 0007227 132.6170 227.5685 15.38878919 97648
INNOSAT3 (RS92S0)
1 64894U 25155U   26277.50188340  .00047174  00000-0  77590-3 0  9996
2 64894  97.4613 252.3520 0007208 122.7177 237.4772 15.52202489 97877
CSTP-4.1
1 64895U 25155V   26277.48704340  .00007121  00000-0  23894-3 0  9994
2 64895  97.4722 246.5601 0008342 137.0157 223.1737 15.31165100 97464
POLYTECH UNIVERSE-3 (RS46S)
1 57191U 23091AB  26277.52006028  .00003318  00000-0  15699-3 0  9993
2 57191  97.4924 334.5890 0016733 107.1828 253.1240 15.19947810180550
CSTP-1.1
1 57202U 23091AN  26277.52007454  .00003316  00000-0  15725-3 0  9998
2 57202  97.4993 335.7073 0010891  89.5488 270.6995 15.19947027180561
CSTP-1.2
1 57186U 23091W   26277.48377774  .00006636  00000-0  22721-3 0  9991
2 57186  97.5036 344.8699 0018838  69.1058 291.2197 15.30401711181160
FENGYUNG-4C
1 67246U 25312A   26276.91770142 -.00000336  00000-0  00000-0 0  9995
2 67246   0.0141  76.4080 0001158 211.5314 188.0908  1.00268989  2964
MULE-4T
1 67286U 25313AQ  26276.93200528  .00004877  00000-0  19419-3 0  9998
2 67286  97.3839 350.4543 0008468 340.3615  19.7296 15.25677349 42540
SCORPION (RS89S)
1 67293U 25313AX  26277.20180165  .00002068  00000-0  89588-4 0  9996
2 67293  97.3843 350.2548 0009933 332.8606  27.2111 15.23475974 42559
GALAPAGOS-UTE-SWSU
1 67279U 25313AH  26277.17394155  .00003919  00000-0  16428-3 0  9990
2 67279  97.3826 350.1032 0013041 347.2381  12.8524 15.24030637 42547
SAKHACUBE-CHOLBON (RS18S)
1 67290U 25313AU  26276.96226437  .00006218  00000-0  24023-3 0  9991
2 67290  97.3832 350.7113 0008022 340.8981  19.1956 15.26578946 42564
LUCA-1 (RS90S)
1 67287U 25313AR  26276.62142185  .00005728  00000-0  22476-3 0  9992
2 67287  97.3839 350.2574 0008423 342.8037  17.2915 15.26095952 42501
QMR-KWT-2 (RS95S)
1 67291U 25313AV  26277.14909723  .00010107  00000-0  36353-3 0  9990
2 67291  97.3834 351.3648 0007327 336.2053  23.8847 15.28784611 42621
LOBACHEVSKY (RS83S)
1 67284U 25313AN  26277.00694605  .00003015  00000-0  12820-3 0  9990
2 67284  97.3826 349.9972 0009773 345.6526  14.4432 15.23762229 42524
NASBSAT-1
1 67289U 25313AT  26276.47044802  .00007785  00000-0  28480-3 0  9990
2 67289  97.3836 350.6054 0007816 340.3994  19.6944 15.28304389 42515
NASBSAT-2
1 67285U 25313AP  26276.94358589  .00004076  00000-0  16686-3 0  9993
2 67285  97.3825 350.2157 0009328 346.3584  13.7401 15.24839213 42530
HORS-5
1 67283U 25313AM  26277.17446078  .00003698  00000-0  15014-3 0  9991
2 67283  97.3840 350.5846 0009171 343.1435  16.9497 15.25177891 42571
AIST-2T 2
1 67253U 25313F   26276.98456002  .00011740  00000-0  14248-3 0  9999
2 67253  97.0719 354.3946 0004761 186.6459 173.4737 15.60743839 43598
AIST-2T 1
1 67254U 25313G   26276.11912721  .00019160  00000-0  23014-3 0  9995
2 67254  97.0736 353.4553 0004561 163.0120 197.1291 15.60907168 43443
AIST-ST (RS86S)
1 67267U 25313V   26277.00251749  .00006850  00000-0  26939-3 0  9995
2 67267  97.3842 350.3792 0012588 351.9357   8.1677 15.25907166 42545
KOWSAR 1.5
1 67264U 25313S   26276.92781305  .00003568  00000-0  15271-3 0  9998
2 67264  97.3926 350.0202 0014085 354.1238   5.9832 15.23368224 42491
PAYA
1 67255U 25313H   26277.11635344  .00001396  00000-0  91447-4 0  9998
2 67255  97.2743 339.2296 0066916 320.7346  38.9039 15.07500429 42063
GRIFON-1
1 67281U 25313AK  26277.20091348  .00002848  00000-0  12253-3 0  9997
2 67281  97.3783 349.9017 0011060 345.1856  14.9056 15.23395264 42546
GRIFON-2
1 67272U 25313AA  26277.19771693  .00006249  00000-0  24817-3 0  9991
2 67272  97.3837 350.5711 0013029 346.6208  13.4683 15.25610739 42571
GRIFON-3
1 67280U 25313AJ  26277.15276510  .00002848  00000-0  12282-3 0  9998
2 67280  97.3900 350.2351 0012286 345.7493  14.3396 15.23296771 42539
GRIFON-4
1 67261U 25313P   26277.17860999  .00011214  00000-0  39268-3 0  9999
2 67261  97.3871 351.4750 0011482 338.9511  21.1255 15.29598828 42627
MARAFON
1 67250U 25313C   26277.12470142  .00005793  00000-0  49169-3 0  9995
2 67250  97.6071 343.8059 0145860 335.3843  24.0460 14.90348090 41578
MORSAT (RS96S)
1 67262U 25313Q   26277.00128172  .00006693  00000-0  26553-3 0  9990
2 67262  97.3840 350.3715 0012997 352.4196   7.6844 15.25619637 42547
MARAFON-EXPERIMENTAL
1 67251U 25313D   26277.14984256  .00000972  00000-0  87805-4 0  9998
2 67251  97.5576 342.8162 0146647 325.3634  33.8098 14.90039673 41628
CORAL
1 67685U 98067YC  26276.88513121  .00090303  00000-0  56515-3 0  9994
2 67685  51.6194 100.3100 0009655 248.3390 111.6582 15.76007779 37349
KNACKSAT-2
1 67683U 98067YA  26276.89176206  .00061392  00000-0  47629-3 0  9994
2 67683  51.6232 103.4022 0008593 246.2538 113.7559 15.71168655 37307
ELEKTRO-L5
1 67756U 26028A   26276.75412103 -.00000110  00000-0  00000-0 0  9998
2 67756   0.0533  47.6521 0001590 128.2088 184.1575  1.00271471  2335
RASSVET-3 1
1 68360U 26061A   26277.47506625  .00002600  00000-0  12476-3 0  9998
2 68360  82.2879 260.6259 0001330  59.9100 300.2265 15.18470262 30155
RASSVET-3 2
1 68361U 26061B   26276.69512288 -.00017994  00000-0 -87609-3 0  9998
2 68361  82.2887 260.0398 0000216 146.2629 213.8618 15.18557248 30129
RASSVET-3 3
1 68362U 26061C   26277.46213325  .00002235  00000-0  10695-3 0  9996
2 68362  82.2923 262.7994 0001815 169.9530 190.1740 15.18499059 30028
RASSVET-3 5
1 68364U 26061E   26277.46857701  .00002126  00000-0  10169-3 0  9995
2 68364  82.2930 263.6339 0001412  64.2982 295.8397 15.18497706 29972
RASSVET-3 6
1 68365U 26061F   26277.46425397  .00002130  00000-0  10196-3 0  9993
2 68365  82.2908 263.2676 0001655 138.9210 221.2148 15.18466376 29998
RASSVET-3 7
1 68366U 26061G   26277.46643154  .00002093  00000-0  10011-3 0  9991
2 68366  82.2907 262.6178 0003135 120.9157 239.2385 15.18481602 30032
RASSVET-3 8
1 68367U 26061H   26277.48155870  .00002729  00000-0  13107-3 0  9992
2 68367  82.2892 260.0379 0001168 108.2050 251.9311 15.18467012 30192
RASSVET-3 9
1 68368U 26061J   26277.47289551  .00002541  00000-0  12192-3 0  9991
2 68368  82.2896 260.8300 0001751 339.6490  20.4674 15.18467973 30147
RASSVET-3 10
1 68369U 26061K   26277.48804404  .00003711  00000-0  17869-3 0  9999
2 68369  82.2832 254.9474 0000412 206.0422 154.0790 15.18480847 30518
RASSVET-3 11
1 68370U 26061L   26276.95622625  .00023415  00000-0  19999-3 0  9994
2 68370  82.2871 252.5415 0001287 258.2352 101.8764 15.69336697 30615
RASSVET-3 12
1 68371U 26061M   26276.87773466  .00001962  00000-0  93810-4 0  9994
2 68371  82.2912 263.8770 0002270  53.3247 306.8194 15.18462800 29905
RASSVET-3 13
1 68372U 26061N   26277.47940464  .00002215  00000-0  10607-3 0  9990
2 68372  82.2924 262.8589 0000418 247.6020 112.5169 15.18471616 30029
RASSVET-3 14
1 68373U 26061P   26277.50708292  .00031475  00000-0  23558-3 0  9995
2 68373  82.2886 251.4128 0012225  79.9374 280.3267 15.72392410 30732
RASSVET-3 15
1 68374U 26061Q   26277.48371558  .00003021  00000-0  14522-3 0  9991
2 68374  82.2922 259.7710 0000253 211.3945 148.7273 15.18475939 30211
RASSVET-3 16
1 68375U 26061R   26277.47719183  .00002439  00000-0  11697-3 0  9993
2 68375  82.2899 260.8439 0001992  47.7385 312.4017 15.18465071 30140
HADES-SA (SPINNYONE)
1 68446U 26067AG  26277.38070244  .00012888  00000-0  55980-3 0  9998
2 68446  97.4517 234.3758 0008726  64.2122 296.0013 15.22402599 28522
RASSVET-3 17
1 A0083U 26165A   26277.30081004  .00200929  16246-4  29492-3 0  9995
2 A0083  82.2932 143.7313 0018758 129.0734 231.2218 16.04653577 12181
RASSVET-3 18
1 A0084U 26165B   26277.18575720  .00003401  00000-0  11652-3 0  9997
2 A0084  82.2980 147.1835 0016584 175.0979 185.0426 15.29721267 11969
RASSVET-3 19
1 A0085U 26165C   26277.24450101  .00001990  00000-0  72413-4 0  9994
2 A0085  82.2985 147.2660 0001174 188.9523 171.1695 15.27670958 11961
RASSVET-3 20
1 A0086U 26165D   26277.24057526  .00003666  00000-0  12113-3 0  9991
2 A0086  82.2991 146.6224 0007083 341.8102  18.2884 15.31039712 12005
RASSVET-3 21
1 A0087U 26165E   26276.35872344 -.00384322  00000-0 -71310-2 0  9992
2 A0087  82.2991 147.2982 0003100 106.7593 253.3998 15.50320539 11886
RASSVET-3 22
1 A0088U 26165F   26277.24351298  .00002074  00000-0  75506-4 0  9994
2 A0088  82.2977 147.5845 0000665 197.4684 162.6531 15.27682592 11949
RASSVET-3 23
1 A0089U 26165G   26277.28995753  .00194688  15530-4  26045-3 0  9993
2 A0089  82.2928 143.7073 0018005 129.8328 230.4541 16.06191414 12186
RASSVET-3 24
1 A0090U 26165H   26277.19454551  .00004728  00000-0  13374-3 0  9999
2 A0090  82.2998 146.7135 0006280 155.2814 204.8732 15.36032189 11992
RASSVET-3 25
1 A0091U 26165J   26277.26469651  .00002054  00000-0  74786-4 0  9990
2 A0091  82.2996 147.1430 0000575 325.8619  34.2582 15.27659106 11973
RASSVET-3 26
1 A0092U 26165K   26276.69881185 -.00089774  00000-0 -38028-3 0  9991
2 A0092  82.2956 144.9863 0005739 119.4403 240.7440 15.85502283 12054
RASSVET-3 27
1 A0093U 26165L   26277.23433343  .00002511  00000-0  10096-3 0  9999
2 A0093  82.2951 147.0884 0006355  92.3243 267.8721 15.24456075 11975
RASSVET-3 28
1 A0094U 26165M   26277.11919038  .00004818  00000-0  13521-3 0  9995
2 A0094  82.2990 146.6012 0006345 149.7129 210.4482 15.36284255 11998
RASSVET-3 29
1 A0095U 26165N   26277.28584475  .00001162  00000-0  54427-4 0  9997
2 A0095  82.2996 147.9688 0002714 231.0996 128.9996 15.18763209 11928
RASSVET-3 30
1 A0096U 26165P   26277.29991758  .00002132  00000-0  77718-4 0  9991
2 A0096  82.3001 147.5167 0000290 313.4339  46.6875 15.27652376 11955
RASSVET-3 31
1 A0097U 26165Q   26277.23472662  .00002370  00000-0  98360-4 0  9994
2 A0097  82.2991 147.1072 0006174  14.9134 345.2283 15.23370477 11975
RASSVET-3 32
1 A0098U 26165R   26276.57217848  .00002075  00000-0  75280-4 0  9992
2 A0098  82.2974 147.9006 0001121 123.2103 236.9243 15.27794345 11867
